31.55588851	0.00000000	0.48612813	0.97464610	1.04326200	0.93363672	0.82514187	0.71638259	0.60817457	0.50361498	0.25793691	-0.07263735	-0.40231377	-0.61862021	-0.78665341	-0.95450580	-1.12941239	-1.30783826	-1.48907346	-1.67174291	-1.85436053	-2.03691049	-1.92709739	-1.26503864	-0.59974475	0.06673197	0.73406617	1.05663998	0.85681048	0.42954265	0.00000000
31.55588754	0.00000000	0.48614405	0.97464463	1.04326835	0.93418892	0.82499808	0.71644992	0.60817690	0.50361322	0.25794414	-0.07222289	-0.40230826	-0.61863768	-0.78661255	-0.95453619	-1.12926621	-1.30777738	-1.48881550	-1.67155965	-1.85460905	-2.03691477	-1.92709510	-1.26444686	-0.59922885	0.06639777	0.73411086	1.05662549	0.85681693	0.42955562	0.00000000
31.55588599	0.00000000	0.48610798	0.97464612	1.04326596	0.93439762	0.82502421	0.71640747	0.60816968	0.50361027	0.25794760	-0.07225833	-0.40230917	-0.61862978	-0.78658071	-0.95457990	-1.12926054	-1.30778838	-1.48879444	-1.67160993	-1.85454841	-2.03691393	-1.92709623	-1.26410024	-0.59898211	0.06741230	0.73411503	1.05662495	0.85682020	0.42953228	0.00000000
31.55588484	0.00000000	0.48616474	0.97464608	1.04326769	0.93430798	0.82503708	0.71640956	0.60817101	0.50361145	0.25794797	-0.07231750	-0.40230938	-0.61862889	-0.78664804	-0.95460382	-1.12925024	-1.30780604	-1.48878875	-1.67163214	-1.85453702	-2.03691395	-1.92709611	-1.26339716	-0.59895489	0.06768492	0.73411651	1.05661618	0.85682019	0.42953227	0.00000000
31.55588380	0.00000000	0.48633572	0.97464466	1.04327254	0.93439635	0.82502432	0.71644413	0.60816814	0.50361144	0.25794700	-0.07232691	-0.40230945	-0.61862762	-0.78662249	-0.95464558	-1.12926099	-1.30780641	-1.48882655	-1.67180321	-1.85454340	-2.03691413	-1.92709613	-1.26340112	-0.59872546	0.06773249	0.73411316	1.05661699	0.85682035	0.42953358	0.00000000
31.55588318	0.00000000	0.48633353	0.97464465	1.04327268	0.93447927	0.82500624	0.71644564	0.60816763	0.50361139	0.25794735	-0.07231964	-0.40230891	-0.61862760	-0.78662107	-0.95464391	-1.12927169	-1.30780125	-1.48882212	-1.67182721	-1.85446475	-2.03691430	-1.92709607	-1.26316963	-0.59815957	0.06778450	0.73411286	1.05661719	0.85682084	0.42953643	0.00000000
31.55588305	0.00000000	0.48634577	0.97464471	1.04327269	0.93445357	0.82501209	0.71644577	0.60816708	0.50361138	0.25794759	-0.07230615	-0.40230891	-0.61862759	-0.78662091	-0.95464325	-1.12927340	-1.30780548	-1.48882310	-1.67182085	-1.85446438	-2.03691435	-1.92709578	-1.26315410	-0.59816126	0.06779864	0.73411349	1.05661710	0.85682105	0.42953595	0.00000000
31.55588292	0.00000000	0.48634094	0.97464465	1.04327270	0.93444335	0.82502092	0.71644700	0.60816702	0.50361137	0.25794755	-0.07231966	-0.40230893	-0.61862759	-0.78662120	-0.95464289	-1.12927419	-1.30780480	-1.48882237	-1.67181259	-1.85446136	-2.03691423	-1.92709557	-1.26305145	-0.59815940	0.06779921	0.73411337	1.05661740	0.85682144	0.42953796	0.00000000
31.55588276	0.00000000	0.48637611	0.97464461	1.04327277	0.93428070	0.82499411	0.71644583	0.60816812	0.50361137	0.25794743	-0.07224945	-0.40230901	-0.61862759	-0.78662234	-0.95464243	-1.12927395	-1.30782103	-1.48882371	-1.67181019	-1.85446759	-2.03691422	-1.92709524	-1.26291836	-0.59818969	0.06780241	0.73411358	1.05661786	0.85681973	0.42953725	0.00000000
31.55588261	0.00000000	0.48634184	0.97464473	1.04327270	0.93432795	0.82501386	0.71644654	0.60816748	0.50361137	0.25794751	-0.07227257	-0.40230899	-0.61862759	-0.78662046	-0.95464311	-1.12927339	-1.30780892	-1.48882289	-1.67180846	-1.85446592	-2.03691424	-1.92709523	-1.26287911	-0.59817518	0.06779170	0.73411315	1.05661794	0.85682360	0.42953939	0.00000000
31.55588007	0.00000000	0.48647050	0.97464271	1.04327627	0.93407316	0.82526052	0.71636741	0.60817666	0.50361626	0.25793698	-0.07222395	-0.40231017	-0.61863624	-0.78652362	-0.95467098	-1.12922580	-1.30858016	-1.48886672	-1.67199221	-1.85505741	-2.03693770	-1.92708268	-1.26275589	-0.59805811	0.06828493	0.73418809	1.05659733	0.85683731	0.42952183	0.00000000
31.55587764	0.00000000	0.48653716	0.97464341	1.04327902	0.93382361	0.82529678	0.71630082	0.60817504	0.50361716	0.25793043	-0.07226530	-0.40231232	-0.61864468	-0.78649430	-0.95468064	-1.12919896	-1.30846991	-1.48891031	-1.67210999	-1.85485298	-2.03700024	-1.92705462	-1.26274251	-0.59806661	0.06807698	0.73415657	1.05660344	0.85684986	0.42950966	0.00000000
31.55586950	0.00000000	0.48662105	0.97464277	1.04327747	0.93374660	0.82548277	0.71653959	0.60816934	0.50362026	0.25792004	-0.07223622	-0.40230847	-0.61864429	-0.78640154	-0.95471062	-1.12914615	-1.30834469	-1.48898649	-1.67215538	-1.85487393	-2.03714510	-1.92698903	-1.26163976	-0.59735656	0.06801862	0.73418493	1.05660791	0.85683316	0.42951613	0.00000000
31.55586419	0.00000000	0.48630089	0.97464218	1.04327654	0.93442294	0.82528096	0.71642504	0.60817200	0.50362112	0.25792392	-0.07221403	-0.40231083	-0.61862694	-0.78590934	-0.95471866	-1.12906391	-1.30867774	-1.48899106	-1.67204190	-1.85461161	-2.03718897	-1.92695685	-1.26087979	-0.59637572	0.06794734	0.73413760	1.05660612	0.85684484	0.42954746	0.00000000
31.55573383	0.00000000	0.48585814	0.97463535	1.04328986	0.93744991	0.82700659	0.71656179	0.60815475	0.50359801	0.25794312	-0.07237206	-0.40230750	-0.61868711	-0.78596375	-0.95534697	-1.12855566	-1.31011524	-1.48967508	-1.67367322	-1.85581664	-2.04020071	-1.92556918	-1.26051971	-0.59540698	0.07290158	0.73464785	1.05661130	0.85685730	0.42948950	0.00000000
31.55542689	0.00000000	0.48510485	0.97464124	1.04329562	0.93606083	0.82543323	0.71730010	0.60810927	0.50343402	0.25784665	-0.07390639	-0.40229864	-0.61862008	-0.78522941	-0.95570319	-1.12805937	-1.31281210	-1.48989065	-1.67863973	-1.85884758	-2.05017702	-1.92062825	-1.25560548	-0.58826685	0.07056385	0.73483887	1.05679307	0.85675162	0.42939577	0.00000000
31.55528092	0.00000000	0.48658818	0.97463417	1.04328732	0.93428124	0.82697225	0.71672280	0.60818110	0.50353131	0.25785866	-0.07391991	-0.40229998	-0.61862316	-0.78539415	-0.95536812	-1.12824832	-1.31008476	-1.49562470	-1.67689013	-1.85937549	-2.05145309	-1.91983914	-1.25597325	-0.59043908	0.07486241	0.73490425	1.05661960	0.85679993	0.42915629	0.00000000
31.55518370	0.00000000	0.48658916	0.97464398	1.04330040	0.93488149	0.82802294	0.71734435	0.60820770	0.50359815	0.25814243	-0.07339818	-0.40230230	-0.61864072	-0.78494408	-0.95517939	-1.12851500	-1.31067163	-1.49406598	-1.68086534	-1.86599710	-2.05435721	-1.91840648	-1.25629604	-0.58986762	0.07399956	0.73495657	1.05664140	0.85683004	0.42905389	0.00000000
31.55514843	0.00000000	0.48484154	0.97464412	1.04331298	0.93650806	0.82835264	0.71653348	0.60825797	0.50359818	0.25825219	-0.07307964	-0.40230466	-0.61864204	-0.78495043	-0.95518371	-1.12856839	-1.31046460	-1.49439569	-1.68357216	-1.86990156	-2.05678781	-1.91719259	-1.25468689	-0.59052456	0.07378129	0.73495993	1.05664889	0.85680311	0.42861403	0.00000000
31.55511096	0.00000000	0.48529182	0.97463306	1.04334961	0.93679113	0.82857062	0.71594329	0.60835756	0.50358593	0.25815644	-0.07282695	-0.40230882	-0.61864147	-0.78466737	-0.95519654	-1.12861454	-1.31003227	-1.49433892	-1.68361592	-1.87127913	-2.05955740	-1.91575380	-1.25465978	-0.59101743	0.07363555	0.73493001	1.05665323	0.85680073	0.42821176	0.00000000
31.55509086	0.00000000	0.48470083	0.97463186	1.04334761	0.93488383	0.82847304	0.71593059	0.60835390	0.50354624	0.25811659	-0.07255202	-0.40230782	-0.61864830	-0.78480240	-0.95499447	-1.12829171	-1.31233231	-1.50086525	-1.68555305	-1.87360120	-2.06171502	-1.91473963	-1.25088808	-0.58597467	0.07488596	0.73488801	1.05667462	0.85679443	0.42687335	0.00000000
31.55506577	0.00000000	0.48589012	0.97463077	1.04333897	0.93663812	0.82769886	0.71640841	0.60832856	0.50359900	0.25794295	-0.07341081	-0.40230826	-0.61864405	-0.78404500	-0.95527172	-1.12852374	-1.31155639	-1.50140817	-1.68980842	-1.87469360	-2.06287980	-1.91411383	-1.25059996	-0.58881004	0.07417677	0.73490304	1.05666395	0.85678246	0.42819750	0.00000000
31.55506135	0.00000000	0.48548759	0.97463215	1.04334551	0.93631429	0.82775836	0.71638556	0.60835606	0.50359808	0.25797940	-0.07301352	-0.40230778	-0.61864470	-0.78438004	-0.95512383	-1.12851421	-1.31156820	-1.49963257	-1.68586102	-1.87420520	-2.06196556	-1.91457132	-1.25178886	-0.58859043	0.07408412	0.73479042	1.05662711	0.85679447	0.42754188	0.00000000
31.55505322	0.00000000	0.48586054	0.97463208	1.04331000	0.93597001	0.82847688	0.71635789	0.60829401	0.50359470	0.25797005	-0.07281070	-0.40230657	-0.61864681	-0.78460408	-0.95491691	-1.12861448	-1.31222285	-1.49942732	-1.68667649	-1.87389728	-2.06213582	-1.91448176	-1.25114139	-0.58959858	0.07447178	0.73478670	1.05663560	0.85679238	0.42769483	0.00000000
31.55504648	0.00000000	0.48579834	0.97463194	1.04330123	0.93611054	0.82819119	0.71655540	0.60832870	0.50359276	0.25796827	-0.07265090	-0.40230580	-0.61864731	-0.78456849	-0.95495867	-1.12868987	-1.31258138	-1.49968565	-1.68668663	-1.87393560	-2.06214300	-1.91448067	-1.25127849	-0.58828360	0.07444643	0.73472356	1.05662827	0.85679515	0.42761439	0.00000000
31.55504164	0.00000000	0.48598421	0.97463208	1.04329394	0.93618583	0.82797926	0.71678691	0.60835717	0.50359338	0.25798200	-0.07209066	-0.40230590	-0.61864854	-0.78458939	-0.95499363	-1.12891551	-1.31277517	-1.49966020	-1.68671139	-1.87396848	-2.06213141	-1.91449285	-1.25086641	-0.58847807	0.07442149	0.73468839	1.05662740	0.85679391	0.42761751	0.00000000
31.55504099	0.00008895	0.48548807	0.97460628	1.04334960	0.93631534	0.82770647	0.71782882	0.60833363	0.50359356	0.25798315	-0.07301505	-0.40229287	-0.61866039	-0.78437628	-0.95540178	-1.12852752	-1.31427043	-1.50032919	-1.68606285	-1.87410971	-2.06193477	-1.91458448	-1.25179323	-0.58859145	0.07407755	0.73471550	1.05662155	0.85682439	0.42842235	0.00001072
31.55503695	0.00201562	0.48593009	0.97463253	1.04329401	0.93613058	0.82797926	0.71678691	0.60835717	0.50359338	0.25798200	-0.07208241	-0.40230645	-0.61864854	-0.78678627	-0.95499290	-1.12891356	-1.31277517	-1.49958729	-1.68671098	-1.87422145	-2.06213141	-1.91449285	-1.25086641	-0.58846676	0.07442149	0.73467987	1.05662740	0.85679366	0.42761751	0.00000000
31.55503657	-0.05113924	0.48593009	0.97463253	1.04329402	0.93612808	0.82787809	0.71678691	0.60835717	0.50359338	0.25798200	-0.07208240	-0.40230641	-0.61864676	-0.78678590	-0.95499289	-1.12891356	-1.31277517	-1.49965523	-1.68671130	-1.87420991	-2.06213141	-1.91449285	-1.25086641	-0.58846701	0.07442149	0.73467988	1.05662740	0.85679367	0.42761751	0.00000000
31.55503651	-2.19806704	0.48593009	0.97463253	1.04329402	0.93612807	0.82787166	0.71678691	0.60835717	0.50359338	0.25798200	-0.07208240	-0.40230614	-0.61864665	-0.78678590	-0.95499290	-1.12891356	-1.31277517	-1.49965557	-1.68671131	-1.87421127	-2.06213141	-1.91449285	-1.25086641	-0.58846617	0.07442149	0.73467947	1.05662740	0.85679367	0.42761751	0.00000000
31.55503651	-0.25134663	0.48593009	0.97463253	1.04329402	0.93612750	0.82787151	0.71678691	0.60835717	0.50359338	0.25798200	-0.07208240	-0.40230614	-0.61864664	-0.78678590	-0.95499289	-1.12891356	-1.31277517	-1.49966265	-1.68671098	-1.87421127	-2.06213141	-1.91449285	-1.25086641	-0.58846575	0.07442149	0.73467950	1.05662740	0.85679368	0.42761751	0.00000000
31.55503651	0.09105691	0.48593009	0.97463253	1.04329402	0.93612750	0.82787151	0.71678691	0.60835717	0.50359338	0.25798200	-0.07208240	-0.40230614	-0.61864664	-0.78678590	-0.95499289	-1.12891356	-1.31277517	-1.49966267	-1.68671097	-1.87421127	-2.06213141	-1.91449285	-1.25086641	-0.58846574	0.07442149	0.73467950	1.05662740	0.85679368	0.42761751	0.00000000
31.55503419	0.00000000	0.48569675	0.97463237	1.04329428	0.93613351	0.82777659	0.71701042	0.60835595	0.50359360	0.25798262	-0.07213050	-0.40230665	-0.61864573	-0.78661317	-0.95497500	-1.12893456	-1.31326078	-1.49959060	-1.68724883	-1.87428596	-2.06212797	-1.91448680	-1.25074580	-0.58865184	0.07416198	0.73466483	1.05663076	0.85679385	0.42760545	0.00000000
31.55503209	0.00000000	0.48593449	0.97463246	1.04329782	0.93612178	0.82769686	0.71767243	0.60834932	0.50359425	0.25798079	-0.07197637	-0.40230632	-0.61864442	-0.78680243	-0.95496093	-1.12893981	-1.31317125	-1.49956426	-1.68676290	-1.87410582	-2.06212421	-1.91449015	-1.25079555	-0.58841229	0.07395540	0.73464602	1.05662650	0.85679380	0.42758946	0.00000000
31.55502982	0.00000000	0.48590566	0.97463243	1.04329783	0.93600767	0.82762770	0.71781740	0.60841609	0.50359476	0.25797702	-0.07196341	-0.40230701	-0.61863830	-0.78680306	-0.95495715	-1.12893562	-1.31447604	-1.50008884	-1.68702454	-1.87407148	-2.06213280	-1.91448814	-1.25101686	-0.58853176	0.07389315	0.73464862	1.05662567	0.85679319	0.42759308	0.00000000
31.55502803	0.00000000	0.48591897	0.97463245	1.04329732	0.93610596	0.82741222	0.71781279	0.60843364	0.50359597	0.25797876	-0.07197875	-0.40230570	-0.61863836	-0.78674517	-0.95495439	-1.12896069	-1.31470106	-1.50062485	-1.68706314	-1.87414999	-2.06212631	-1.91448990	-1.25113518	-0.58852580	0.07380820	0.73464621	1.05662417	0.85679317	0.42759088	0.00000000
31.55502631	0.00000000	0.48591142	0.97463243	1.04329776	0.93601229	0.82724385	0.71795522	0.60880977	0.50359572	0.25797948	-0.07188988	-0.40230584	-0.61863966	-0.78675722	-0.95495302	-1.12895892	-1.31479534	-1.50088272	-1.68720587	-1.87418281	-2.06212865	-1.91448908	-1.25117808	-0.58853137	0.07385111	0.73464651	1.05661580	0.85679256	0.42759134	0.00000000
31.55502611	0.00000000	0.48588561	0.97463209	1.04329813	0.93581611	0.82665107	0.71763361	0.60849133	0.50359773	0.25797434	-0.07216427	-0.40230747	-0.61863153	-0.78681729	-0.95491240	-1.12900637	-1.31498149	-1.50099146	-1.68731563	-1.87417689	-2.06213348	-1.91448552	-1.25097107	-0.58853570	0.07378289	0.73464700	1.05662388	0.85679403	0.42772186	0.00000000
31.55502579	0.00000000	0.48589317	0.97463214	1.04329807	0.93555116	0.82669925	0.71766521	0.60848074	0.50359827	0.25797433	-0.07216860	-0.40230812	-0.61862943	-0.78670250	-0.95491238	-1.12900659	-1.31485240	-1.50108638	-1.68735947	-1.87419147	-2.06213317	-1.91448562	-1.25101399	-0.58857700	0.07380079	0.73463772	1.05662367	0.85679416	0.42764018	0.00000000
31.55502419	0.00000000	0.48594932	0.97463349	1.04329614	0.93584521	0.82711553	0.71781053	0.60925181	0.50359473	0.25798063	-0.07183708	-0.40230791	-0.61863139	-0.78683178	-0.95494459	-1.12897458	-1.31504152	-1.50094401	-1.68686692	-1.87411526	-2.06211595	-1.91449451	-1.25109728	-0.58855377	0.07343016	0.73458083	1.05662850	0.85679312	0.42758892	0.00000000
31.55502226	0.00000000	0.48595342	0.97463334	1.04329621	0.93584830	0.82700618	0.71777129	0.61084621	0.50359473	0.25798084	-0.07184243	-0.40230727	-0.61863352	-0.78678134	-0.95494548	-1.12897401	-1.31493740	-1.50101299	-1.68700852	-1.87445345	-2.06211881	-1.91449551	-1.25106655	-0.58855283	0.07350256	0.73457961	1.05663068	0.85679377	0.42758839	0.00000000
31.55502159	0.00000000	0.48595219	0.97463334	1.04329620	0.93584440	0.82696375	0.71777845	0.61063442	0.50359473	0.25798081	-0.07185312	-0.40230664	-0.61863228	-0.78678430	-0.95494545	-1.12897422	-1.31499383	-1.50099574	-1.68710108	-1.87457924	-2.06211361	-1.91449566	-1.25105407	-0.58855366	0.07353071	0.73457365	1.05663044	0.85679373	0.42758926	0.00000000
31.55502143	0.00000000	0.48595923	0.97463334	1.04329620	0.93584232	0.82696910	0.71785910	0.61053906	0.50359473	0.25798082	-0.07185483	-0.40230682	-0.61863197	-0.78678416	-0.95494554	-1.12897423	-1.31497557	-1.50095718	-1.68710259	-1.87455537	-2.06211380	-1.91449543	-1.25104610	-0.58855387	0.07353772	0.73456995	1.05663040	0.85679372	0.42758828	0.00000000
31.55502132	0.00000000	0.48595794	0.97463249	1.04329733	0.93585603	0.82687272	0.71795205	0.61139474	0.50359475	0.25798046	-0.07202931	-0.40230729	-0.61863247	-0.78674243	-0.95492372	-1.12897944	-1.31537239	-1.50133602	-1.68746389	-1.87445706	-2.06212241	-1.91449293	-1.25109920	-0.58851319	0.07296622	0.73458879	1.05660440	0.85679350	0.42758850	0.00000000
31.55501962	0.00000000	0.48596686	0.97463226	1.04329877	0.93586593	0.82703223	0.71851215	0.61078176	0.50359475	0.25798124	-0.07194221	-0.40230623	-0.61863374	-0.78681045	-0.95491420	-1.12898086	-1.31580190	-1.50152800	-1.68753131	-1.87443137	-2.06212270	-1.91449155	-1.25136052	-0.58857214	0.07287103	0.73452340	1.05650830	0.85679409	0.42758941	0.00000000
31.55501833	0.00000000	0.48596368	0.97463293	1.04329682	0.93585502	0.82711110	0.71860926	0.61095563	0.50359500	0.25797795	-0.07195949	-0.40230514	-0.61863395	-0.78675799	-0.95491712	-1.12898585	-1.31557086	-1.50161836	-1.68775671	-1.87439817	-2.06212153	-1.91449134	-1.25158203	-0.58914112	0.07278576	0.73437625	1.05652286	0.85679367	0.42759673	0.00000000
31.55501770	0.00000000	0.48593956	0.97463289	1.04329664	0.93585220	0.82702933	0.71874614	0.61098598	0.50359502	0.25797732	-0.07195338	-0.40230533	-0.61863439	-0.78675617	-0.95490397	-1.12900404	-1.31533052	-1.50162999	-1.68773917	-1.87438222	-2.06212318	-1.91449050	-1.25157476	-0.58912044	0.07278211	0.73430294	1.05652163	0.85679350	0.42759871	0.00000000
31.55501726	0.00000000	0.48598337	0.97463275	1.04329728	0.93585496	0.82713391	0.71896598	0.61106325	0.50359542	0.25797741	-0.07198811	-0.40230569	-0.61863459	-0.78676188	-0.95489888	-1.12901319	-1.31535629	-1.50161240	-1.68773237	-1.87439639	-2.06212424	-1.91449013	-1.25174206	-0.58913028	0.07277755	0.73422104	1.05656208	0.85679104	0.42759688	0.00000000
31.55501672	0.00000000	0.48597906	0.97463244	1.04329759	0.93585102	0.82704455	0.71913814	0.61115964	0.50359582	0.25797808	-0.07197917	-0.40230565	-0.61863424	-0.78674976	-0.95488759	-1.12902839	-1.31531021	-1.50161469	-1.68773207	-1.87441557	-2.06212544	-1.91448972	-1.25166300	-0.58914456	0.07274094	0.73420197	1.05657783	0.85679627	0.42759745	0.00000000
31.55501625	0.00000000	0.48597214	0.97463333	1.04329571	0.93586680	0.82737015	0.71919560	0.61123036	0.50359628	0.25797693	-0.07205047	-0.40230560	-0.61863449	-0.78674235	-0.95489648	-1.12902240	-1.31552069	-1.50162319	-1.68774327	-1.87468132	-2.06212241	-1.91449217	-1.25180979	-0.58917117	0.07266578	0.73418433	1.05660530	0.85680276	0.42759359	0.00000000
31.55501566	0.00000000	0.48597420	0.97463261	1.04329708	0.93585034	0.82742958	0.71916779	0.61121397	0.50359594	0.25797809	-0.07203829	-0.40230572	-0.61863454	-0.78670697	-0.95488271	-1.12903224	-1.31534474	-1.50157791	-1.68774569	-1.87485528	-2.06212472	-1.91448978	-1.25184543	-0.58905933	0.07268363	0.73417743	1.05658672	0.85680672	0.42759877	0.00000000
31.55501508	0.00000000	0.48597116	0.97463268	1.04329696	0.93582714	0.82736679	0.71915532	0.61123292	0.50359590	0.25797859	-0.07203773	-0.40230569	-0.61863457	-0.78675984	-0.95487500	-1.12903150	-1.31529013	-1.50161042	-1.68774899	-1.87482619	-2.06212539	-1.91448937	-1.25191316	-0.58901188	0.07266703	0.73418346	1.05658992	0.85682058	0.42759856	0.00000000
31.55501441	0.00000000	0.48599758	0.97463273	1.04329672	0.93584007	0.82735814	0.71915674	0.61123707	0.50359588	0.25797813	-0.07202936	-0.40230570	-0.61863460	-0.78683380	-0.95487894	-1.12904034	-1.31529846	-1.50146504	-1.68774944	-1.87481444	-2.06212464	-1.91448878	-1.25203416	-0.58913976	0.07259799	0.73418886	1.05658388	0.85683263	0.42759865	0.00000000
31.55501307	0.00000000	0.48597798	0.97463260	1.04329710	0.93583077	0.82737647	0.71920841	0.61123537	0.50359586	0.25797983	-0.07201369	-0.40230571	-0.61863549	-0.78682660	-0.95487784	-1.12904222	-1.31529067	-1.50154272	-1.68770516	-1.87482323	-2.06212633	-1.91448919	-1.25193456	-0.58910182	0.07265839	0.73419707	1.05658608	0.85685893	0.42759974	0.00000000
31.55501163	0.00000000	0.48603067	0.97463243	1.04329622	0.93583015	0.82751568	0.71925702	0.61116838	0.50359511	0.25797859	-0.07199968	-0.40230573	-0.61863563	-0.78674863	-0.95487089	-1.12904136	-1.31513277	-1.50163936	-1.68796916	-1.87477641	-2.06212571	-1.91448870	-1.25191647	-0.58917369	0.07273381	0.73424251	1.05655750	0.85689550	0.42760159	0.00000000
31.55501103	0.00000000	0.48602473	0.97463235	1.04329651	0.93582758	0.82760566	0.71912977	0.61120574	0.50359587	0.25797851	-0.07201445	-0.40230572	-0.61863472	-0.78682897	-0.95487222	-1.12904169	-1.31521605	-1.50142733	-1.68817354	-1.87477746	-2.06212528	-1.91448921	-1.25197873	-0.58919235	0.07266722	0.73427405	1.05655085	0.85689712	0.42760256	0.00000000
31.55501068	0.00000000	0.48603993	0.97463222	1.04329620	0.93582278	0.82759033	0.71912098	0.61120910	0.50359562	0.25797860	-0.07208434	-0.40230573	-0.61863486	-0.78682678	-0.95486110	-1.12903825	-1.31520243	-1.50148912	-1.68822596	-1.87476893	-2.06212467	-1.91448957	-1.25197123	-0.58929497	0.07261595	0.73426010	1.05654682	0.85690337	0.42760060	0.00000000
31.55501019	0.00000000	0.48624933	0.97463242	1.04329707	0.93582649	0.82750318	0.71919156	0.61126215	0.50359580	0.25797840	-0.07197962	-0.40230565	-0.61863456	-0.78680336	-0.95486476	-1.12904295	-1.31518656	-1.50152066	-1.68822515	-1.87476809	-2.06212454	-1.91448924	-1.25200310	-0.58927705	0.07250554	0.73427476	1.05654547	0.85690444	0.42759572	0.00000000
31.55500926	0.00000000	0.48685909	0.97463251	1.04329761	0.93585281	0.82760759	0.71918520	0.61137597	0.50359655	0.25797837	-0.07203612	-0.40230551	-0.61863454	-0.78678612	-0.95488139	-1.12903795	-1.31525539	-1.50164125	-1.68822504	-1.87476333	-2.06212383	-1.91448926	-1.25194895	-0.58933582	0.07259233	0.73428074	1.05653456	0.85691014	0.42759868	0.00000000
31.55500902	0.00000000	0.48682488	0.97463250	1.04329726	0.93586328	0.82758564	0.71922831	0.61127064	0.50359606	0.25797838	-0.07199218	-0.40230554	-0.61863454	-0.78679028	-0.95488015	-1.12903765	-1.31544136	-1.50172710	-1.68822389	-1.87476110	-2.06212461	-1.91448949	-1.25193767	-0.58936551	0.07266058	0.73428434	1.05653299	0.85691102	0.42759874	0.00000000
31.55500894	0.00000000	0.48682904	0.97463244	1.04329735	0.93586335	0.82756362	0.71924645	0.61132028	0.50359618	0.25797837	-0.07197653	-0.40230554	-0.61863453	-0.78679112	-0.95487986	-1.12903759	-1.31540772	-1.50170355	-1.68822385	-1.87475978	-2.06212482	-1.91448948	-1.25194022	-0.58935953	0.07264084	0.73428188	1.05653269	0.85691179	0.42759874	0.00000000
31.55500817	0.00000000	0.48724859	0.97463237	1.04329661	0.93578221	0.82769335	0.71926740	0.61125673	0.50359648	0.25797904	-0.07201370	-0.40230575	-0.61863692	-0.78679842	-0.95487141	-1.12903454	-1.31504071	-1.50140616	-1.68810173	-1.87477171	-2.06212871	-1.91448880	-1.25193164	-0.58954153	0.07244544	0.73438244	1.05651003	0.85693709	0.42760568	0.00000000
31.55500596	0.00000000	0.48700137	0.97463241	1.04329552	0.93587777	0.82807302	0.72002445	0.61111515	0.50359599	0.25797862	-0.07200954	-0.40230536	-0.61863746	-0.78662567	-0.95486197	-1.12903003	-1.31499621	-1.50146178	-1.68818731	-1.87466816	-2.06212843	-1.91448844	-1.25217064	-0.58960575	0.07276726	0.73448595	1.05643578	0.85699409	0.42764209	0.00000000
31.55500391	0.00000000	0.48717469	0.97463237	1.04329555	0.93614185	0.82778243	0.71897975	0.61089998	0.50359578	0.25798019	-0.07199553	-0.40230569	-0.61863701	-0.78636493	-0.95485493	-1.12903855	-1.31494788	-1.50121253	-1.68825738	-1.87463527	-2.06212917	-1.91448905	-1.25182570	-0.58979167	0.07269926	0.73459409	1.05637792	0.85705351	0.42765509	0.00000000
31.55500261	0.00000000	0.48711737	0.97463212	1.04329542	0.93616028	0.82760187	0.71886262	0.61095535	0.50359674	0.25797945	-0.07201277	-0.40230686	-0.61863734	-0.78641029	-0.95485233	-1.12902713	-1.31500923	-1.50197489	-1.68834103	-1.87464529	-2.06213117	-1.91448959	-1.25184099	-0.58939368	0.07220786	0.73468107	1.05634322	0.85709722	0.42761152	0.00000000
31.55500070	0.00000000	0.48671162	0.97463188	1.04329641	0.93579044	0.82803151	0.71912490	0.61111266	0.50359458	0.25797930	-0.07200779	-0.40230570	-0.61863516	-0.78702911	-0.95485184	-1.12904765	-1.31511645	-1.50125306	-1.68832025	-1.87473475	-2.06212533	-1.91448533	-1.25202295	-0.58939143	0.07279194	0.73474484	1.05631859	0.85713315	0.42760466	0.00000000
31.55500007	0.00000000	0.48713460	0.97463218	1.04329613	0.93601550	0.82787365	0.71905223	0.61097424	0.50359617	0.25797879	-0.07199821	-0.40230481	-0.61863765	-0.78681028	-0.95484899	-1.12905597	-1.31489871	-1.50200786	-1.68849945	-1.87466256	-2.06213122	-1.91448658	-1.25183735	-0.58941975	0.07232576	0.73472573	1.05630867	0.85712927	0.42759426	0.00000000
31.55499880	0.00000000	0.48716655	0.97463223	1.04329625	0.93583924	0.82783653	0.71920871	0.61115772	0.50359531	0.25797938	-0.07213798	-0.40230522	-0.61863800	-0.78647410	-0.95482865	-1.12907525	-1.31505893	-1.50209921	-1.68846182	-1.87471992	-2.06213131	-1.91448612	-1.25198406	-0.58967745	0.07229022	0.73472451	1.05631278	0.85713791	0.42759876	0.00000000
31.55499835	0.00000000	0.48718171	0.97463218	1.04329653	0.93591612	0.82781100	0.71920633	0.61133961	0.50359538	0.25797975	-0.07215991	-0.40230449	-0.61863775	-0.78657434	-0.95482171	-1.12908223	-1.31512057	-1.50202679	-1.68847372	-1.87482663	-2.06213131	-1.91448682	-1.25202217	-0.58958877	0.07228689	0.73472400	1.05631105	0.85713833	0.42759841	0.00000000
31.55498673	0.00000000	0.48637437	0.97463157	1.04328829	0.93570552	0.82805737	0.71917077	0.61130327	0.50358864	0.25799058	-0.07201319	-0.40230573	-0.61864406	-0.78705676	-0.95483662	-1.12904690	-1.31414154	-1.50097698	-1.68865024	-1.87441358	-2.06212304	-1.91447918	-1.25187217	-0.58936486	0.07270376	0.73630216	1.05558494	0.85766283	0.42760928	0.00000000
31.55497851	0.00000000	0.48602478	0.97463178	1.04328869	0.93552744	0.82802954	0.71916658	0.61057866	0.50358506	0.25799290	-0.07201724	-0.40230583	-0.61864184	-0.78702383	-0.95483246	-1.12908452	-1.31438068	-1.50082754	-1.68853482	-1.87439253	-2.06212307	-1.91447847	-1.25216569	-0.58924795	0.07269627	0.73625467	1.05560437	0.85784414	0.42758419	0.00000000
31.55497518	0.00000000	0.48644624	0.97463167	1.04328831	0.93568531	0.82761223	0.71920232	0.61070075	0.50359470	0.25798083	-0.07201826	-0.40230603	-0.61865539	-0.78702860	-0.95485290	-1.12903269	-1.31436627	-1.50088090	-1.68835791	-1.87467323	-2.06212275	-1.91447938	-1.25165200	-0.58879623	0.07268781	0.73623469	1.05556469	0.85788196	0.42762828	0.00000000
31.55495680	0.00000000	0.48545882	0.97463340	1.04328372	0.93573298	0.82741924	0.71920030	0.61113025	0.50361254	0.25799429	-0.07202939	-0.40230582	-0.61864161	-0.78674651	-0.95483698	-1.12905281	-1.31503542	-1.50159790	-1.68849562	-1.87507500	-2.06212342	-1.91447112	-1.25196770	-0.58932087	0.07289416	0.74038275	1.05354041	0.85953186	0.42760886	0.00000000
31.55494292	0.00000000	0.48573370	0.97463161	1.04328340	0.93574256	0.82703943	0.71930661	0.61122004	0.50360216	0.25799891	-0.07200440	-0.40230589	-0.61864811	-0.78687185	-0.95482952	-1.12905766	-1.31502686	-1.50130271	-1.68890313	-1.87516260	-2.06212671	-1.91447495	-1.25190343	-0.58938230	0.07323328	0.73979063	1.05383592	0.85954994	0.42761147	0.00000000
31.55493761	0.00000000	0.48562480	0.97463140	1.04328102	0.93598679	0.82749929	0.71932071	0.61135940	0.50359850	0.25799609	-0.07200798	-0.40230584	-0.61864797	-0.78732130	-0.95484006	-1.12905837	-1.31519374	-1.50145336	-1.68882068	-1.87551629	-2.06212051	-1.91448744	-1.25193499	-0.58941398	0.07367145	0.73975017	1.05386088	0.85958639	0.42761023	0.00000000
31.55493388	0.00000000	0.48568863	0.97463163	1.04329025	0.93598057	0.82815990	0.71930797	0.61156249	0.50359028	0.25798822	-0.07200612	-0.40230547	-0.61864854	-0.78716025	-0.95483830	-1.12905780	-1.31516656	-1.50121256	-1.68876060	-1.87554880	-2.06213386	-1.91448395	-1.25190292	-0.58939474	0.07371607	0.73969492	1.05384541	0.85960120	0.42761506	0.00000000
31.55493218	0.00000000	0.48587658	0.97463183	1.04329582	0.93598707	0.82785745	0.71953766	0.61165614	0.50359322	0.25798242	-0.07200662	-0.40230564	-0.61863581	-0.78713385	-0.95483968	-1.12905796	-1.31525886	-1.50157015	-1.68890881	-1.87515825	-2.06213151	-1.91448503	-1.25191753	-0.58940193	0.07382888	0.73969463	1.05384645	0.85959357	0.42761382	0.00000000
31.55493101	0.00000000	0.48616045	0.97463168	1.04329525	0.93600616	0.82789194	0.71962066	0.61172641	0.50359403	0.25798323	-0.07200871	-0.40230520	-0.61863529	-0.78692918	-0.95483953	-1.12905713	-1.31549642	-1.50170346	-1.68868671	-1.87511771	-2.06212908	-1.91448744	-1.25194874	-0.58939623	0.07378948	0.73968112	1.05385560	0.85959049	0.42761433	0.00000000
31.55493093	0.00000000	0.48610506	0.97463120	1.04329598	0.93599207	0.82786018	0.71968136	0.61172770	0.50359243	0.25798195	-0.07200540	-0.40230546	-0.61863337	-0.78703038	-0.95484061	-1.12905776	-1.31530363	-1.50159846	-1.68881754	-1.87530599	-2.06213026	-1.91448688	-1.25193762	-0.58939742	0.07398190	0.73964939	1.05386012	0.85958770	0.42761425	0.00000000
31.55492972	0.00000000	0.48611999	0.97463135	1.04329525	0.93600601	0.82787985	0.71977373	0.61172032	0.50359385	0.25798217	-0.07200733	-0.40230537	-0.61863526	-0.78690751	-0.95483974	-1.12905730	-1.31558742	-1.50165686	-1.68852553	-1.87529991	-2.06212931	-1.91448708	-1.25193117	-0.58940760	0.07421018	0.73963472	1.05385659	0.85959445	0.42761430	0.00000000
31.55492944	0.00000000	0.48623185	0.97463121	1.04329526	0.93601316	0.82796708	0.71975238	0.61171459	0.50359421	0.25798133	-0.07200988	-0.40230536	-0.61863475	-0.78691437	-0.95483981	-1.12905755	-1.31525152	-1.50168061	-1.68841961	-1.87538877	-2.06212988	-1.91448725	-1.25191446	-0.58941104	0.07430327	0.73963636	1.05385714	0.85959268	0.42761393	0.00000000
31.55492898	0.00000000	0.48624364	0.97463213	1.04329549	0.93602100	0.82796690	0.71976373	0.61168729	0.50359424	0.25798159	-0.07201103	-0.40230530	-0.61863524	-0.78692084	-0.95483986	-1.12905811	-1.31531284	-1.50172494	-1.68855483	-1.87534020	-2.06213029	-1.91448724	-1.25190406	-0.58941303	0.07468823	0.73963582	1.05385718	0.85959289	0.42761366	0.00000000
31.55492875	0.00000000	0.48627226	0.97463207	1.04329640	0.93601570	0.82790540	0.71976340	0.61169700	0.50359426	0.25798162	-0.07200615	-0.40230530	-0.61863512	-0.78685869	-0.95483987	-1.12905799	-1.31530893	-1.50173118	-1.68859396	-1.87539472	-2.06212998	-1.91448743	-1.25189292	-0.58941285	0.07497190	0.73963436	1.05385775	0.85959315	0.42761343	0.00000000
31.55492843	0.00000000	0.48642891	0.97463318	1.04329598	0.93600382	0.82794286	0.71969568	0.61168925	0.50359433	0.25798139	-0.07200401	-0.40230530	-0.61863515	-0.78683716	-0.95484007	-1.12905831	-1.31525641	-1.50183069	-1.68860080	-1.87539815	-2.06212988	-1.91448753	-1.25187472	-0.58941176	0.07523907	0.73963015	1.05385793	0.85959305	0.42761310	0.00000000
31.55492798	0.00000000	0.48691740	0.97463322	1.04329588	0.93600808	0.82786854	0.71968129	0.61165277	0.50359505	0.25798001	-0.07200917	-0.40230530	-0.61863522	-0.78686860	-0.95484028	-1.12905796	-1.31534395	-1.50186508	-1.68860817	-1.87539771	-2.06212985	-1.91448761	-1.25185884	-0.58941277	0.07535567	0.73963017	1.05385784	0.85959299	0.42761352	0.00000000
31.55492792	0.00000000	0.48699312	0.97463322	1.04329582	0.93600881	0.82786252	0.71968114	0.61163790	0.50359505	0.25798027	-0.07200920	-0.40230530	-0.61863520	-0.78686374	-0.95484030	-1.12905812	-1.31532862	-1.50186129	-1.68860751	-1.87540142	-2.06212985	-1.91448761	-1.25187085	-0.58941231	0.07533674	0.73963016	1.05385785	0.85959301	0.42761312	0.00000000
31.55492782	0.00000000	0.48714397	0.97463316	1.04329590	0.93599811	0.82788629	0.71968938	0.61164592	0.50359494	0.25797993	-0.07201952	-0.40230530	-0.61863537	-0.78673214	-0.95484031	-1.12905880	-1.31532221	-1.50185912	-1.68861476	-1.87539764	-2.06212983	-1.91448759	-1.25185822	-0.58941586	0.07524337	0.73962983	1.05385781	0.85959336	0.42761358	0.00000000
31.55492765	0.00000000	0.48738747	0.97463311	1.04329599	0.93596774	0.82788727	0.71969310	0.61166845	0.50359478	0.25798079	-0.07201277	-0.40230529	-0.61863536	-0.78675121	-0.95484052	-1.12906611	-1.31534638	-1.50185968	-1.68860959	-1.87540116	-2.06212979	-1.91448752	-1.25185749	-0.58941306	0.07524634	0.73963020	1.05385786	0.85959343	0.42761382	0.00000000
31.55492754	0.00000000	0.48736595	0.97463305	1.04329599	0.93596506	0.82788787	0.71969624	0.61166123	0.50359476	0.25798082	-0.07201767	-0.40230529	-0.61863536	-0.78675426	-0.95484055	-1.12907481	-1.31536614	-1.50185827	-1.68862419	-1.87541203	-2.06212973	-1.91448745	-1.25186057	-0.58941360	0.07520933	0.73963103	1.05385785	0.85959344	0.42761378	0.00000000
31.55492736	0.00000000	0.48728214	0.97463309	1.04329600	0.93571518	0.82787415	0.71969257	0.61161026	0.50359478	0.25798079	-0.07201962	-0.40230530	-0.61863536	-0.78673535	-0.95484061	-1.12907796	-1.31543455	-1.50185364	-1.68861866	-1.87539958	-2.06212972	-1.91448745	-1.25187023	-0.58941331	0.07524350	0.73962908	1.05385789	0.85959345	0.42761414	0.00000000
31.55492733	0.00000000	0.48727401	0.97463310	1.04329601	0.93569753	0.82783513	0.71969656	0.61164677	0.50359478	0.25798079	-0.07202345	-0.40230531	-0.61863536	-0.78676615	-0.95484060	-1.12907858	-1.31544061	-1.50185139	-1.68862132	-1.87538780	-2.06212968	-1.91448745	-1.25187142	-0.58941291	0.07524522	0.73962906	1.05385789	0.85959345	0.42761442	0.00000000
31.55492498	0.00000033	0.48640050	0.97463307	1.04329610	0.93600273	0.82794318	0.71969693	0.61168839	0.50359408	0.25798160	-0.07232174	-0.40230538	-0.61863334	-0.78671519	-0.95485141	-1.12906043	-1.31525254	-1.50216182	-1.68859891	-1.87539799	-2.06212988	-1.91448769	-1.25190281	-0.58875038	0.07523188	0.73963031	1.05385784	0.85959262	0.42900578	0.00006560
31.55492357	0.00000027	0.48727735	0.97463302	1.04329610	0.93600448	0.82794400	0.71968822	0.61168801	0.50359408	0.25798155	-0.07229887	-0.40230574	-0.61863407	-0.78675586	-0.95484991	-1.12906025	-1.31526325	-1.50196110	-1.68859688	-1.87539943	-2.06212977	-1.91448776	-1.25190118	-0.58837860	0.07523180	0.73963096	1.05385801	0.85959165	0.42976250	0.00011250
31.55492351	0.00000024	0.48724172	0.97463302	1.04329610	0.93600437	0.82794366	0.71967565	0.61168854	0.50359408	0.25798156	-0.07226087	-0.40230568	-0.61863406	-0.78675033	-0.95484958	-1.12907044	-1.31526649	-1.50185522	-1.68859561	-1.87540006	-2.06212977	-1.91448777	-1.25189951	-0.58853482	0.07527558	0.73963120	1.05385795	0.85959133	0.42971395	0.00013165
31.55492351	0.00000000	0.48724172	0.97463302	1.04329610	0.93600437	0.82794366	0.71967565	0.61168854	0.50359408	0.25798156	-0.07226087	-0.40230568	-0.61863406	-0.78675033	-0.95484958	-1.12907044	-1.31526649	-1.50185522	-1.68859561	-1.87540006	-2.06212977	-1.91448777	-1.25189951	-0.58853482	0.07527558	0.73963120	1.05385795	0.85959133	0.42971395	0.00000000
31.55492328	0.00000000	0.48728409	0.97463308	1.04329594	0.93586031	0.82796116	0.71972690	0.61171409	0.50359413	0.25798172	-0.07221059	-0.40230581	-0.61863370	-0.78670182	-0.95485135	-1.12906485	-1.31530299	-1.50184862	-1.68857606	-1.87540031	-2.06212974	-1.91448744	-1.25186379	-0.58844606	0.07534140	0.73962946	1.05385797	0.85959264	0.42966614	0.00000000
31.55492318	0.00000000	0.48735049	0.97463310	1.04329574	0.93584179	0.82796125	0.71967054	0.61165347	0.50359431	0.25798163	-0.07217167	-0.40230580	-0.61863394	-0.78676560	-0.95485144	-1.12906565	-1.31530753	-1.50185229	-1.68857875	-1.87540213	-2.06212968	-1.91448744	-1.25186295	-0.58844792	0.07539462	0.73962927	1.05385773	0.85959296	0.42968819	0.00000000
31.55492313	0.00000000	0.48733697	0.97463313	1.04329578	0.93576618	0.82796707	0.71976483	0.61165763	0.50359431	0.25798163	-0.07216316	-0.40230579	-0.61863389	-0.78676753	-0.95485176	-1.12906802	-1.31530562	-1.50185152	-1.68858288	-1.87540725	-2.06212969	-1.91448742	-1.25186341	-0.58844980	0.07538844	0.73962907	1.05385792	0.85959285	0.42965360	0.00000000
31.55492308	0.00000000	0.48732558	0.97463313	1.04329580	0.93576998	0.82796881	0.71973530	0.61165480	0.50359433	0.25798164	-0.07218322	-0.40230579	-0.61863394	-0.78679900	-0.95485164	-1.12906801	-1.31534547	-1.50186984	-1.68858204	-1.87540009	-2.06212969	-1.91448747	-1.25185917	-0.58844008	0.07544571	0.73962917	1.05385793	0.85959339	0.42967764	0.00000000
31.55492306	0.00000000	0.48730757	0.97463313	1.04329580	0.93573096	0.82797409	0.71972265	0.61166041	0.50359432	0.25798163	-0.07217464	-0.40230580	-0.61863391	-0.78678777	-0.95485191	-1.12906774	-1.31533503	-1.50189078	-1.68857911	-1.87540045	-2.06212970	-1.91448745	-1.25184991	-0.58843926	0.07550544	0.73962928	1.05385768	0.85959347	0.42969973	0.00000000
